data.10:
766
6 9 2 5 10 7 4 8 3 1
##################################
data.11:
799
6 9 2 11 5 7 10 4 8 3 1
##################################
data.12:
742
6 9 2 11 5 12 10 7 4 8 3 1
##################################
data.13:
688
6 9 5 2 11 12 13 10 7 4 8 3 1
##################################
data.14:
497
6 9 5 2 11 14 12 13 10 7 4 8 3 1 
##################################
data.15:
440
6 9 5 2 11 15 14 12 13 7 10 4 8 3 1
##################################
data.16:
423
6 9 5 16 2 11 15 14 12 13 10 7 8 4 3 1 
##################################
data.17:
417
6 9 5 17 16 2 11 15 14 12 13 10 7 8 4 3 1
##################################
data.18:
405
6 9 5 18 17 16 2 11 15 14 12 13 10 7 8 4 3 1
##################################
data.19:
393
6 9 5 19 18 17 16 2 11 15 14 12 13 10 7 8 4 3 1
##################################
data.20:
897
6 20 9 5 19 2 11 18 17 16 15 12 14 13 7 10 8 4 3 1
##################################